0 0.686719 0.48489 0.0546875 0.134615 0.120422
0 0.736719 0.509615 0.0453125 0.118132 0.218994
0 0.619531 0.472527 0.0328125 0.142857 0.225464
0 0.64375 0.480769 0.05 0.148352 0.226685
0 0.488281 0.387363 0.0234375 0.0879121 0.325439
0 0.948438 0.718407 0.096875 0.25 0.425293
0 0.822656 0.590659 0.0671875 0.181319 0.551758
0 0.714844 0.510989 0.0453125 0.115385 0.664062
0 0.6625 0.486264 0.04375 0.142857 0.721191
0 0.473437 0.449176 0.028125 0.123626 0.727539
0 0.517187 0.392857 0.028125 0.0934066 0.804199
0 0.754687 0.802198 0.1125 0.340659 0.814453
