0 0.710156 0.512363 0.0421875 0.118132 0.125366
0 0.489062 0.383242 0.021875 0.0906593 0.12854
0 0.61875 0.476648 0.03125 0.14011 0.173096
0 0.502344 0.387363 0.0265625 0.0934066 0.363525
0 0.816406 0.57967 0.0671875 0.181319 0.433594
0 0.950781 0.73489 0.0953125 0.266484 0.500488
0 0.659375 0.491758 0.04375 0.142857 0.602539
0 0.728125 0.508242 0.05 0.126374 0.604004
0 0.514844 0.396978 0.0265625 0.0906593 0.65332
0 0.671875 0.736264 0.1 0.285714 0.86377
0 0.403906 0.402473 0.0234375 0.112637 0.882324
