0 0.433594 0.340659 0.0203125 0.0659341 0.107483
0 0.61875 0.476648 0.03125 0.14011 0.137451
0 0.953125 0.73489 0.0875 0.255495 0.15979
0 0.635938 0.483516 0.046875 0.148352 0.184692
0 0.502344 0.387363 0.0265625 0.0934066 0.34082
0 0.81875 0.582418 0.06875 0.186813 0.39917
0 0.661719 0.489011 0.0421875 0.142857 0.569336
0 0.71875 0.509615 0.05625 0.123626 0.655273
0 0.516406 0.395604 0.0265625 0.0934066 0.707031
0 0.654688 0.717033 0.096875 0.269231 0.724121
0 0.4 0.395604 0.021875 0.10989 0.847168
