MotorBike 0.107056 0.63125 0.48489 0.0375 0.151099
MotorBike 0.331543 0.508594 0.402473 0.0265625 0.0906593
MotorBike 0.600098 0.517187 0.406593 0.025 0.0879121
MotorBike 0.631348 0.615625 0.473901 0.034375 0.145604
MotorBike 0.682617 0.496094 0.394231 0.0234375 0.0906593
MotorBike 0.694336 0.716406 0.516484 0.0578125 0.120879
MotorBike 0.750977 0.81875 0.612637 0.075 0.197802
MotorBike 0.77832 0.657812 0.494505 0.046875 0.142857
MotorBike 0.805176 0.946875 0.743132 0.10625 0.271978
MotorBike 0.870117 0.440625 0.45467 0.03125 0.134615
