MotorBike 0.117004 0.696875 0.504121 0.05625 0.14011
MotorBike 0.124634 0.632031 0.486264 0.0359375 0.148352
MotorBike 0.548828 0.514844 0.407967 0.0265625 0.0906593
MotorBike 0.612305 0.500781 0.396978 0.0234375 0.0906593
MotorBike 0.651367 0.819531 0.607143 0.0796875 0.214286
MotorBike 0.686523 0.614844 0.471154 0.0328125 0.14011
MotorBike 0.730469 0.715625 0.516484 0.05625 0.126374
MotorBike 0.792969 0.657812 0.493132 0.046875 0.145604
MotorBike 0.821777 0.946094 0.739011 0.107813 0.269231
MotorBike 0.885254 0.461719 0.482143 0.0359375 0.151099
