MotorBike 0.101196 0.617188 0.480769 0.034375 0.148352
MotorBike 0.125977 0.9375 0.733516 0.09375 0.230769
MotorBike 0.178467 0.90625 0.714286 0.0875 0.252747
MotorBike 0.217651 0.375 0.366758 0.01875 0.0906593
MotorBike 0.412109 0.603906 0.471154 0.0359375 0.145604
MotorBike 0.419922 0.477344 0.380495 0.0203125 0.0851648
MotorBike 0.545898 0.8 0.60989 0.078125 0.203297
MotorBike 0.64502 0.709375 0.512363 0.05625 0.123626
MotorBike 0.64502 0.64375 0.487637 0.04375 0.151099
MotorBike 0.707031 0.507812 0.396978 0.028125 0.0906593
