MotorBike 0.10968 0.720312 0.510989 0.046875 0.120879
MotorBike 0.163208 0.620313 0.482143 0.034375 0.145604
MotorBike 0.225952 0.940625 0.730769 0.09375 0.236264
MotorBike 0.445068 0.479688 0.381868 0.021875 0.0879121
MotorBike 0.507324 0.604688 0.472527 0.034375 0.142857
MotorBike 0.533691 0.648438 0.490385 0.040625 0.14011
MotorBike 0.571777 0.701563 0.513736 0.053125 0.126374
MotorBike 0.578125 0.510938 0.396978 0.028125 0.0961538
MotorBike 0.626953 0.809375 0.614011 0.08125 0.211538
MotorBike 0.786133 0.374219 0.380495 0.0203125 0.107143
