MotorBike 0.133911 0.680469 0.498626 0.0578125 0.14011
MotorBike 0.141724 0.63125 0.483516 0.0375 0.148352
MotorBike 0.594238 0.517187 0.409341 0.025 0.0879121
MotorBike 0.623047 0.615625 0.473901 0.034375 0.145604
MotorBike 0.681641 0.714844 0.516484 0.0578125 0.120879
MotorBike 0.714844 0.817969 0.611264 0.0734375 0.195055
MotorBike 0.76123 0.657031 0.494505 0.0453125 0.142857
MotorBike 0.803223 0.946875 0.741758 0.10625 0.269231
MotorBike 0.830566 0.497656 0.398352 0.0234375 0.0934066
MotorBike 0.894531 0.444531 0.457418 0.0296875 0.14011
