MotorBike 0.101868 0.617188 0.480769 0.034375 0.148352
MotorBike 0.206543 0.90625 0.710165 0.0875 0.25
MotorBike 0.298096 0.935938 0.726648 0.084375 0.233516
MotorBike 0.371582 0.477344 0.380495 0.0203125 0.0851648
MotorBike 0.383301 0.79375 0.598901 0.071875 0.192308
MotorBike 0.396729 0.373437 0.368132 0.01875 0.0879121
MotorBike 0.431641 0.604688 0.471154 0.034375 0.145604
MotorBike 0.589844 0.644531 0.486264 0.0421875 0.148352
MotorBike 0.606445 0.709375 0.512363 0.05625 0.123626
MotorBike 0.683105 0.508594 0.396978 0.0265625 0.0906593
