MotorBike 0.147705 0.621094 0.473901 0.0328125 0.14011
MotorBike 0.187134 0.646094 0.480769 0.0484375 0.148352
MotorBike 0.213135 0.736719 0.508242 0.0453125 0.115385
MotorBike 0.246094 0.486719 0.396978 0.0234375 0.0906593
MotorBike 0.414062 0.821875 0.578297 0.065625 0.18956
MotorBike 0.604492 0.716406 0.512363 0.0484375 0.112637
MotorBike 0.629395 0.6625 0.486264 0.040625 0.148352
MotorBike 0.737305 0.475781 0.449176 0.0296875 0.118132
MotorBike 0.806641 0.517969 0.392857 0.0265625 0.0934066
MotorBike 0.836426 0.948438 0.732143 0.096875 0.277473
MotorBike 0.850586 0.739062 0.787088 0.115625 0.321429
