MotorBike 0.120667 0.4875 0.423077 0.025 0.104396
MotorBike 0.164185 0.939062 0.711538 0.0875 0.247253
MotorBike 0.176514 0.735156 0.509615 0.0484375 0.112637
MotorBike 0.217407 0.639844 0.479396 0.0515625 0.151099
MotorBike 0.328857 0.620313 0.473901 0.034375 0.145604
MotorBike 0.4021 0.817187 0.575549 0.059375 0.173077
MotorBike 0.540039 0.714063 0.509615 0.046875 0.118132
MotorBike 0.730469 0.477344 0.445055 0.0265625 0.120879
MotorBike 0.779785 0.6625 0.486264 0.04375 0.148352
MotorBike 0.82666 0.517969 0.396978 0.0265625 0.0961538
MotorBike 0.899902 0.686719 0.737637 0.104687 0.299451
