MotorBike 0.122925 0.646875 0.482143 0.0375 0.145604
MotorBike 0.157104 0.482812 0.414835 0.025 0.0989011
MotorBike 0.343506 0.621094 0.473901 0.0359375 0.145604
MotorBike 0.373535 0.825 0.57967 0.0625 0.181319
MotorBike 0.612305 0.6625 0.48489 0.0375 0.145604
MotorBike 0.665527 0.714844 0.509615 0.0453125 0.112637
MotorBike 0.770508 0.475781 0.445055 0.0265625 0.120879
MotorBike 0.777832 0.948438 0.728022 0.096875 0.28022
MotorBike 0.829102 0.517969 0.392857 0.0265625 0.0934066
MotorBike 0.877441 0.725781 0.78022 0.114063 0.318681
