MotorBike 0.137695 0.711719 0.487637 0.0421875 0.112637
MotorBike 0.199097 0.621094 0.458791 0.0296875 0.148352
MotorBike 0.214233 0.817187 0.567308 0.065625 0.173077
MotorBike 0.251221 0.635938 0.468407 0.040625 0.151099
MotorBike 0.281982 0.385156 0.34478 0.0171875 0.0906593
MotorBike 0.419434 0.653906 0.472527 0.0484375 0.142857
MotorBike 0.569824 0.476562 0.471154 0.03125 0.145604
MotorBike 0.615723 0.728125 0.489011 0.04375 0.115385
MotorBike 0.729492 0.517969 0.384615 0.0265625 0.0934066
MotorBike 0.73584 0.95 0.700549 0.09375 0.252747
