MotorBike 0.106628 0.730469 0.501374 0.0484375 0.118132
MotorBike 0.109924 0.682813 0.48489 0.053125 0.134615
MotorBike 0.331299 0.622656 0.472527 0.0359375 0.142857
MotorBike 0.36377 0.821875 0.575549 0.0625 0.178571
MotorBike 0.45459 0.942187 0.703297 0.096875 0.252747
MotorBike 0.462402 0.809375 0.832418 0.10625 0.28022
MotorBike 0.533203 0.713281 0.510989 0.0453125 0.10989
MotorBike 0.686523 0.664062 0.483516 0.040625 0.148352
MotorBike 0.697266 0.475781 0.447802 0.0296875 0.126374
MotorBike 0.884277 0.51875 0.391484 0.025 0.0961538
