MotorBike 0.108032 0.619531 0.473901 0.0328125 0.134615
MotorBike 0.131226 0.4 0.343407 0.01875 0.0879121
MotorBike 0.147339 0.49375 0.385989 0.025 0.0851648
MotorBike 0.461182 0.817187 0.582418 0.06875 0.181319
MotorBike 0.669434 0.721094 0.508242 0.0546875 0.126374
MotorBike 0.680664 0.951563 0.733516 0.096875 0.263736
MotorBike 0.784668 0.516406 0.396978 0.0265625 0.0906593
MotorBike 0.787109 0.661719 0.490385 0.0421875 0.145604
MotorBike 0.797363 0.392188 0.388736 0.021875 0.107143
MotorBike 0.82373 0.616406 0.664835 0.0796875 0.241758
