MotorBike 0.102295 0.61875 0.478022 0.03125 0.148352
MotorBike 0.116699 0.733594 0.506868 0.0421875 0.118132
MotorBike 0.268555 0.500781 0.387363 0.0265625 0.0934066
MotorBike 0.350342 0.816406 0.576923 0.0640625 0.181319
MotorBike 0.411377 0.952344 0.736264 0.0921875 0.263736
MotorBike 0.597656 0.660937 0.489011 0.04375 0.142857
MotorBike 0.619629 0.713281 0.509615 0.0453125 0.118132
MotorBike 0.712891 0.516406 0.396978 0.0265625 0.0906593
MotorBike 0.84668 0.667188 0.725275 0.09375 0.274725
MotorBike 0.886719 0.401563 0.401099 0.021875 0.115385
