MotorBike 0.120789 0.61875 0.479396 0.03125 0.145604
MotorBike 0.1875 0.639063 0.487637 0.046875 0.151099
MotorBike 0.261719 0.95625 0.733516 0.0875 0.252747
MotorBike 0.368896 0.81875 0.582418 0.065625 0.181319
MotorBike 0.47998 0.494531 0.383242 0.0234375 0.0906593
MotorBike 0.65918 0.714844 0.510989 0.0453125 0.115385
MotorBike 0.704102 0.6625 0.493132 0.04375 0.145604
MotorBike 0.765625 0.517187 0.395604 0.028125 0.0934066
MotorBike 0.788574 0.410937 0.409341 0.021875 0.115385
MotorBike 0.911133 0.711719 0.778846 0.110937 0.299451
