MotorBike 0.142212 0.621094 0.46978 0.0328125 0.142857
MotorBike 0.178955 0.640625 0.475275 0.046875 0.148352
MotorBike 0.231323 0.950781 0.728022 0.0984375 0.269231
MotorBike 0.396484 0.497656 0.380495 0.0234375 0.0851648
MotorBike 0.471924 0.716406 0.501374 0.0546875 0.112637
MotorBike 0.630371 0.551562 0.576923 0.059375 0.203297
MotorBike 0.694336 0.822656 0.585165 0.0796875 0.203297
MotorBike 0.743164 0.6625 0.482143 0.040625 0.14011
MotorBike 0.791016 0.378125 0.366758 0.01875 0.101648
MotorBike 0.835938 0.517969 0.391484 0.0265625 0.0961538
