MotorBike 0.156982 0.733594 0.506868 0.0421875 0.118132
MotorBike 0.166748 0.619531 0.478022 0.0328125 0.142857
MotorBike 0.209595 0.633594 0.483516 0.0453125 0.148352
MotorBike 0.315674 0.501562 0.387363 0.028125 0.0934066
MotorBike 0.318848 0.950781 0.733516 0.0921875 0.258242
MotorBike 0.379639 0.817187 0.581044 0.065625 0.184066
MotorBike 0.560547 0.661719 0.489011 0.0421875 0.142857
MotorBike 0.640625 0.714063 0.509615 0.046875 0.118132
MotorBike 0.716309 0.516406 0.395604 0.0265625 0.0934066
MotorBike 0.761719 0.660937 0.722527 0.090625 0.269231
MotorBike 0.862305 0.401563 0.403846 0.021875 0.115385
