MotorBike 0.106079 0.701563 0.493132 0.059375 0.134615
MotorBike 0.286865 0.496094 0.383242 0.0234375 0.0851648
MotorBike 0.325928 0.817187 0.57967 0.065625 0.181319
MotorBike 0.433105 0.95 0.732143 0.1 0.271978
MotorBike 0.489502 0.389844 0.351648 0.0171875 0.0934066
MotorBike 0.503906 0.616406 0.471154 0.0359375 0.14011
MotorBike 0.654785 0.721094 0.508242 0.0578125 0.120879
MotorBike 0.740723 0.660156 0.489011 0.0421875 0.142857
MotorBike 0.853516 0.517969 0.394231 0.0265625 0.0961538
MotorBike 0.886719 0.467187 0.479396 0.034375 0.145604
