MotorBike 0.109314 0.61875 0.479396 0.03125 0.145604
MotorBike 0.111023 0.507031 0.392857 0.0265625 0.0934066
MotorBike 0.233276 0.948438 0.73489 0.090625 0.255495
MotorBike 0.296387 0.820312 0.589286 0.06875 0.178571
MotorBike 0.365479 0.49375 0.383242 0.025 0.0906593
MotorBike 0.702637 0.721875 0.508242 0.05625 0.120879
MotorBike 0.707031 0.660937 0.491758 0.04375 0.148352
MotorBike 0.79248 0.517187 0.395604 0.028125 0.0934066
MotorBike 0.865723 0.407031 0.406593 0.0234375 0.115385
MotorBike 0.88916 0.689062 0.755495 0.103125 0.28022
