MotorBike 0.122498 0.433594 0.340659 0.0203125 0.0659341
MotorBike 0.163696 0.954687 0.733516 0.0875 0.252747
MotorBike 0.185059 0.496875 0.387363 0.025 0.0934066
MotorBike 0.216797 0.617969 0.475275 0.0328125 0.137363
MotorBike 0.415771 0.819531 0.581044 0.0671875 0.184066
MotorBike 0.612793 0.660937 0.487637 0.040625 0.145604
MotorBike 0.631836 0.727344 0.510989 0.0546875 0.120879
MotorBike 0.760254 0.516406 0.395604 0.0265625 0.0934066
MotorBike 0.79541 0.64375 0.701923 0.0875 0.244505
MotorBike 0.87207 0.398438 0.391484 0.021875 0.107143
