MotorBike 0.14978 0.733594 0.506868 0.0421875 0.118132
MotorBike 0.210205 0.61875 0.476648 0.03125 0.14011
MotorBike 0.266602 0.494531 0.385989 0.0234375 0.0906593
MotorBike 0.375 0.505469 0.387363 0.0265625 0.0934066
MotorBike 0.415039 0.814844 0.581044 0.0640625 0.178571
MotorBike 0.500977 0.95 0.73489 0.09375 0.260989
MotorBike 0.583496 0.659375 0.491758 0.04375 0.142857
MotorBike 0.584961 0.715625 0.509615 0.046875 0.118132
MotorBike 0.683594 0.514844 0.395604 0.0265625 0.0934066
MotorBike 0.879395 0.403906 0.399725 0.0234375 0.112637
MotorBike 0.896484 0.678125 0.739011 0.103125 0.28022
