MotorBike 0.140381 0.398438 0.353022 0.01875 0.0961538
MotorBike 0.147339 0.646094 0.48489 0.0390625 0.14011
MotorBike 0.167236 0.496875 0.387363 0.025 0.0934066
MotorBike 0.334717 0.817187 0.578297 0.065625 0.178571
MotorBike 0.35791 0.953125 0.741758 0.09375 0.285714
MotorBike 0.700684 0.663281 0.486264 0.0390625 0.148352
MotorBike 0.716309 0.717188 0.509615 0.05 0.118132
MotorBike 0.733887 0.516406 0.395604 0.0265625 0.0934066
MotorBike 0.827637 0.396875 0.39011 0.021875 0.10989
MotorBike 0.882324 0.638281 0.690934 0.0859375 0.244505
