MotorBike 0.120728 0.942187 0.710165 0.096875 0.244505
MotorBike 0.133667 0.692187 0.478022 0.059375 0.126374
MotorBike 0.170654 0.507031 0.387363 0.0265625 0.0934066
MotorBike 0.456055 0.496094 0.380495 0.0234375 0.0851648
MotorBike 0.592773 0.721875 0.5 0.05625 0.10989
MotorBike 0.643555 0.824219 0.589286 0.0796875 0.206044
MotorBike 0.697266 0.660156 0.479396 0.0453125 0.14011
MotorBike 0.810547 0.377344 0.366758 0.0203125 0.0961538
MotorBike 0.818359 0.560938 0.586538 0.059375 0.206044
MotorBike 0.842285 0.517969 0.392857 0.0265625 0.0934066
