MotorBike 0.134155 0.694531 0.491758 0.0609375 0.137363
MotorBike 0.233643 0.951563 0.736264 0.096875 0.274725
MotorBike 0.306152 0.496875 0.383242 0.021875 0.0851648
MotorBike 0.390869 0.614844 0.468407 0.0359375 0.14011
MotorBike 0.413086 0.817187 0.585165 0.065625 0.186813
MotorBike 0.657715 0.71875 0.505495 0.059375 0.120879
MotorBike 0.722656 0.660156 0.489011 0.0453125 0.148352
MotorBike 0.755371 0.385156 0.355769 0.0171875 0.0906593
MotorBike 0.787598 0.478125 0.489011 0.0375 0.153846
MotorBike 0.850098 0.517969 0.392857 0.0265625 0.0934066
