MotorBike 0.195679 0.688281 0.480769 0.0484375 0.126374
MotorBike 0.325439 0.623438 0.458791 0.034375 0.142857
MotorBike 0.354736 0.636719 0.465659 0.0421875 0.14011
MotorBike 0.400391 0.709375 0.483516 0.04375 0.10989
MotorBike 0.581055 0.727344 0.483516 0.0484375 0.120879
MotorBike 0.726562 0.948438 0.697802 0.096875 0.247253
MotorBike 0.728516 0.659375 0.468407 0.04375 0.134615
MotorBike 0.750977 0.517187 0.379121 0.028125 0.0934066
MotorBike 0.771973 0.828125 0.585165 0.08125 0.208791
MotorBike 0.859863 0.426562 0.412088 0.028125 0.120879
