MotorBike 0.100525 0.822656 0.568681 0.0734375 0.181319
MotorBike 0.177002 0.621875 0.456044 0.03125 0.137363
MotorBike 0.292236 0.308594 0.355769 0.0171875 0.0906593
MotorBike 0.392578 0.710938 0.489011 0.040625 0.104396
MotorBike 0.431396 0.634375 0.465659 0.0375 0.14011
MotorBike 0.47876 0.794531 0.825549 0.126563 0.304945
MotorBike 0.583496 0.728906 0.490385 0.0484375 0.112637
MotorBike 0.63623 0.401563 0.384615 0.021875 0.10989
MotorBike 0.67627 0.517969 0.383242 0.0265625 0.0961538
MotorBike 0.683105 0.6625 0.46978 0.040625 0.131868
