MotorBike 0.101929 0.503125 0.384615 0.025 0.0879121
MotorBike 0.207764 0.696094 0.486264 0.0484375 0.115385
MotorBike 0.293701 0.621094 0.462912 0.0328125 0.134615
MotorBike 0.307373 0.941406 0.696429 0.0984375 0.244505
MotorBike 0.583496 0.715625 0.495879 0.05625 0.107143
MotorBike 0.596191 0.817969 0.589286 0.0765625 0.211538
MotorBike 0.611816 0.382812 0.376374 0.021875 0.104396
MotorBike 0.785645 0.517187 0.388736 0.028125 0.0961538
MotorBike 0.791016 0.659375 0.479396 0.04375 0.134615
MotorBike 0.836914 0.628125 0.645604 0.075 0.236264
