MotorBike 0.135376 0.734375 0.489011 0.040625 0.10989
MotorBike 0.219971 0.825 0.575549 0.071875 0.195055
MotorBike 0.226074 0.622656 0.462912 0.0328125 0.14011
MotorBike 0.275146 0.6875 0.48489 0.05 0.118132
MotorBike 0.44043 0.635156 0.46978 0.0390625 0.137363
MotorBike 0.5625 0.6625 0.475275 0.04375 0.126374
MotorBike 0.5625 0.398438 0.384615 0.021875 0.115385
MotorBike 0.644043 0.7125 0.490385 0.046875 0.107143
MotorBike 0.791504 0.517187 0.384615 0.028125 0.0934066
MotorBike 0.836426 0.754687 0.778846 0.121875 0.326923
