MotorBike 0.100525 0.820312 0.568681 0.071875 0.192308
MotorBike 0.134033 0.945312 0.701923 0.090625 0.25
MotorBike 0.17334 0.710156 0.489011 0.0421875 0.10989
MotorBike 0.175415 0.619531 0.458791 0.0328125 0.137363
MotorBike 0.296143 0.633594 0.467033 0.0390625 0.142857
MotorBike 0.556641 0.727344 0.490385 0.0484375 0.112637
MotorBike 0.725586 0.660156 0.46978 0.0453125 0.137363
MotorBike 0.736816 0.665625 0.68544 0.090625 0.255495
MotorBike 0.755371 0.3875 0.379121 0.021875 0.104396
MotorBike 0.818359 0.517187 0.387363 0.028125 0.0934066
