MotorBike 0.104126 0.682813 0.487637 0.053125 0.118132
MotorBike 0.146606 0.5 0.383242 0.025 0.0906593
MotorBike 0.150269 0.644531 0.476648 0.0390625 0.134615
MotorBike 0.323486 0.821094 0.583791 0.0765625 0.206044
MotorBike 0.567383 0.711719 0.498626 0.0515625 0.107143
MotorBike 0.702148 0.661719 0.478022 0.0421875 0.131868
MotorBike 0.76416 0.946875 0.703297 0.1 0.241758
MotorBike 0.784668 0.382031 0.373626 0.0203125 0.104396
MotorBike 0.797852 0.61875 0.631868 0.078125 0.241758
MotorBike 0.821289 0.517969 0.388736 0.0265625 0.0961538
