MotorBike 0.101318 0.698438 0.519231 0.05 0.131868
MotorBike 0.114624 0.789062 0.596154 0.053125 0.181319
MotorBike 0.211914 0.939844 0.73489 0.0953125 0.260989
MotorBike 0.224365 0.486719 0.385989 0.0265625 0.0906593
MotorBike 0.387451 0.603125 0.46978 0.034375 0.148352
MotorBike 0.490967 0.496094 0.387363 0.0265625 0.0934066
MotorBike 0.49292 0.646875 0.48489 0.04375 0.145604
MotorBike 0.650391 0.716406 0.512363 0.0546875 0.129121
MotorBike 0.726562 0.50625 0.392857 0.03125 0.0934066
MotorBike 0.73291 0.811719 0.615385 0.0890625 0.214286
MotorBike 0.809082 0.413281 0.432692 0.0265625 0.123626
