MotorBike 0.10199 0.898438 0.692308 0.078125 0.241758
MotorBike 0.212036 0.482812 0.381868 0.021875 0.0824176
MotorBike 0.301758 0.607813 0.464286 0.034375 0.142857
MotorBike 0.397705 0.492969 0.385989 0.0265625 0.0906593
MotorBike 0.51709 0.642969 0.479396 0.0453125 0.14011
MotorBike 0.567871 0.703906 0.505495 0.0609375 0.120879
MotorBike 0.569336 0.805469 0.59478 0.0828125 0.222527
MotorBike 0.581055 0.50625 0.385989 0.028125 0.0906593
MotorBike 0.674805 0.369531 0.368132 0.0203125 0.0989011
MotorBike 0.90332 0.610937 0.674451 0.075 0.244505
