MotorBike 0.112915 0.475781 0.379121 0.0234375 0.0824176
MotorBike 0.204102 0.935156 0.730769 0.0953125 0.258242
MotorBike 0.227905 0.484375 0.384615 0.025 0.0879121
MotorBike 0.507324 0.49375 0.388736 0.025 0.0961538
MotorBike 0.526855 0.601562 0.46978 0.034375 0.148352
MotorBike 0.549316 0.646875 0.486264 0.04375 0.148352
MotorBike 0.633301 0.7125 0.509615 0.059375 0.123626
MotorBike 0.690918 0.810938 0.611264 0.084375 0.222527
MotorBike 0.757812 0.507031 0.392857 0.0296875 0.0934066
MotorBike 0.828613 0.410937 0.431319 0.025 0.126374
