MotorBike 0.14563 0.484375 0.383242 0.025 0.0851648
MotorBike 0.169189 0.901563 0.703297 0.065625 0.225275
MotorBike 0.218018 0.49375 0.384615 0.028125 0.0879121
MotorBike 0.352051 0.792188 0.574176 0.059375 0.17033
MotorBike 0.53125 0.704687 0.504121 0.053125 0.123626
MotorBike 0.596191 0.602344 0.465659 0.0359375 0.145604
MotorBike 0.666992 0.645312 0.483516 0.04375 0.142857
MotorBike 0.744629 0.504687 0.39011 0.028125 0.0934066
MotorBike 0.810547 0.382031 0.388736 0.0203125 0.112637
MotorBike 0.878906 0.725 0.82967 0.125 0.318681
