MotorBike 0.17041 0.482812 0.381868 0.021875 0.0824176
MotorBike 0.186768 0.689844 0.506868 0.0453125 0.112637
MotorBike 0.378906 0.495313 0.385989 0.028125 0.0906593
MotorBike 0.415527 0.644531 0.475275 0.0421875 0.137363
MotorBike 0.431641 0.607813 0.465659 0.034375 0.145604
MotorBike 0.515625 0.709375 0.502747 0.05625 0.120879
MotorBike 0.628906 0.50625 0.385989 0.028125 0.0906593
MotorBike 0.629883 0.804688 0.596154 0.084375 0.214286
MotorBike 0.727539 0.367969 0.364011 0.0203125 0.0961538
MotorBike 0.854492 0.596875 0.657967 0.071875 0.239011
