MotorBike 0.154541 0.90625 0.708791 0.075 0.252747
MotorBike 0.194824 0.814062 0.603022 0.071875 0.200549
MotorBike 0.401855 0.792188 0.578297 0.059375 0.173077
MotorBike 0.418701 0.476562 0.375 0.021875 0.0851648
MotorBike 0.483643 0.607813 0.467033 0.034375 0.142857
MotorBike 0.600586 0.714844 0.509615 0.0546875 0.123626
MotorBike 0.633301 0.646094 0.48489 0.0421875 0.14011
MotorBike 0.76416 0.791406 0.873626 0.132812 0.241758
MotorBike 0.772949 0.505469 0.391484 0.0296875 0.0961538
MotorBike 0.856934 0.389844 0.395604 0.0234375 0.115385
