MotorBike 0.100281 0.816406 0.607143 0.0734375 0.203297
MotorBike 0.105469 0.483594 0.383242 0.0234375 0.0906593
MotorBike 0.32959 0.60625 0.482143 0.034375 0.145604
MotorBike 0.451172 0.372656 0.376374 0.0203125 0.104396
MotorBike 0.535156 0.644531 0.480769 0.0421875 0.137363
MotorBike 0.536133 0.796094 0.57967 0.0703125 0.192308
MotorBike 0.538574 0.49375 0.387363 0.025 0.0934066
MotorBike 0.60498 0.505469 0.388736 0.0296875 0.0906593
MotorBike 0.69043 0.697656 0.506868 0.0546875 0.118132
MotorBike 0.875488 0.630469 0.700549 0.0734375 0.247253
