MotorBike 0.138184 0.475 0.376374 0.021875 0.0824176
MotorBike 0.222778 0.645312 0.491758 0.046875 0.137363
MotorBike 0.250244 0.483594 0.384615 0.0265625 0.0879121
MotorBike 0.35376 0.603125 0.472527 0.0375 0.142857
MotorBike 0.425293 0.91875 0.711538 0.09375 0.247253
MotorBike 0.469727 0.494531 0.385989 0.0265625 0.0961538
MotorBike 0.496826 0.80625 0.600275 0.08125 0.195055
MotorBike 0.537598 0.707812 0.508242 0.059375 0.126374
MotorBike 0.774414 0.507812 0.392857 0.03125 0.0934066
MotorBike 0.79248 0.402344 0.42033 0.0265625 0.126374
