MotorBike 0.268799 0.95 0.743132 0.09375 0.282967
MotorBike 0.293213 0.476562 0.377747 0.025 0.0851648
MotorBike 0.389893 0.646875 0.486264 0.04375 0.142857
MotorBike 0.437256 0.496094 0.387363 0.0265625 0.0989011
MotorBike 0.463379 0.602344 0.471154 0.0359375 0.145604
MotorBike 0.494385 0.708594 0.508242 0.0609375 0.126374
MotorBike 0.595703 0.914844 0.708791 0.0890625 0.241758
MotorBike 0.689941 0.807813 0.605769 0.084375 0.217033
MotorBike 0.743652 0.50625 0.392857 0.03125 0.0934066
MotorBike 0.842773 0.404687 0.423077 0.025 0.120879
