MotorBike 0.119019 0.305469 0.391484 0.0171875 0.101648
MotorBike 0.142456 0.689062 0.491758 0.04375 0.115385
MotorBike 0.14917 0.482031 0.383242 0.0234375 0.0906593
MotorBike 0.247681 0.896875 0.693681 0.075 0.228022
MotorBike 0.531738 0.70625 0.497253 0.053125 0.126374
MotorBike 0.547363 0.604688 0.465659 0.034375 0.156593
MotorBike 0.609863 0.792969 0.585165 0.0765625 0.203297
MotorBike 0.610352 0.371875 0.348901 0.01875 0.0879121
MotorBike 0.637207 0.642187 0.471154 0.040625 0.14011
MotorBike 0.763184 0.510938 0.543956 0.05 0.175824
MotorBike 0.804688 0.501562 0.387363 0.028125 0.0934066
