MotorBike 0.150024 0.6875 0.504121 0.04375 0.118132
MotorBike 0.164795 0.898438 0.696429 0.084375 0.233516
MotorBike 0.366211 0.4875 0.384615 0.025 0.0934066
MotorBike 0.523926 0.604688 0.467033 0.034375 0.153846
MotorBike 0.547363 0.705469 0.498626 0.0515625 0.123626
MotorBike 0.577637 0.792188 0.589286 0.08125 0.211538
MotorBike 0.607422 0.513281 0.548077 0.0484375 0.184066
MotorBike 0.632324 0.371875 0.350275 0.01875 0.0906593
MotorBike 0.674316 0.641406 0.471154 0.0390625 0.134615
MotorBike 0.726074 0.501562 0.387363 0.028125 0.0934066
