MotorBike 0.1073 0.795313 0.568681 0.059375 0.17033
MotorBike 0.131836 0.8125 0.600275 0.075 0.200549
MotorBike 0.1875 0.696875 0.516484 0.05 0.120879
MotorBike 0.320801 0.477344 0.376374 0.0234375 0.0879121
MotorBike 0.47876 0.604688 0.465659 0.034375 0.145604
MotorBike 0.540039 0.645312 0.483516 0.04375 0.137363
MotorBike 0.592285 0.714063 0.509615 0.053125 0.123626
MotorBike 0.75 0.771875 0.861264 0.128125 0.277473
MotorBike 0.824219 0.3875 0.392857 0.021875 0.115385
MotorBike 0.824707 0.50625 0.391484 0.028125 0.0961538
