MotorBike 0.108887 0.7875 0.59478 0.05625 0.184066
MotorBike 0.261963 0.482812 0.384615 0.025 0.0879121
MotorBike 0.423584 0.646875 0.487637 0.04375 0.145604
MotorBike 0.432617 0.9375 0.730769 0.1 0.263736
MotorBike 0.433105 0.603125 0.46978 0.034375 0.148352
MotorBike 0.505371 0.49375 0.388736 0.025 0.0961538
MotorBike 0.606445 0.7125 0.509615 0.059375 0.123626
MotorBike 0.727539 0.810938 0.614011 0.084375 0.222527
MotorBike 0.745117 0.507812 0.392857 0.03125 0.0934066
MotorBike 0.82666 0.4125 0.432692 0.025 0.123626
