MotorBike 0.149048 0.489062 0.387363 0.025 0.0934066
MotorBike 0.15332 0.934375 0.710165 0.09375 0.233516
MotorBike 0.348145 0.371875 0.346154 0.01875 0.0879121
MotorBike 0.520996 0.60625 0.460165 0.034375 0.151099
MotorBike 0.523438 0.899219 0.690934 0.0765625 0.222527
MotorBike 0.53418 0.639063 0.46978 0.040625 0.137363
MotorBike 0.581543 0.703125 0.490385 0.05 0.123626
MotorBike 0.654785 0.795313 0.593407 0.078125 0.214286
MotorBike 0.675781 0.501562 0.528846 0.04375 0.173077
MotorBike 0.749023 0.501562 0.387363 0.028125 0.0934066
