MotorBike 0.177612 0.791406 0.585165 0.0609375 0.175824
MotorBike 0.246338 0.492969 0.387363 0.0265625 0.0934066
MotorBike 0.35083 0.479688 0.379121 0.021875 0.0879121
MotorBike 0.406738 0.60625 0.465659 0.034375 0.145604
MotorBike 0.473389 0.707031 0.506868 0.0578125 0.123626
MotorBike 0.516113 0.814844 0.60989 0.0765625 0.208791
MotorBike 0.753418 0.646094 0.486264 0.0421875 0.137363
MotorBike 0.795898 0.810938 0.888736 0.134375 0.222527
MotorBike 0.80127 0.507812 0.391484 0.028125 0.0961538
MotorBike 0.901855 0.392969 0.401099 0.0234375 0.115385
