MotorBike 0.290771 0.476562 0.377747 0.025 0.0851648
MotorBike 0.413086 0.603125 0.471154 0.034375 0.145604
MotorBike 0.453369 0.946875 0.741758 0.1 0.274725
MotorBike 0.469238 0.803125 0.607143 0.08125 0.208791
MotorBike 0.474365 0.705469 0.510989 0.0578125 0.126374
MotorBike 0.499756 0.496094 0.387363 0.0265625 0.0989011
MotorBike 0.537109 0.646875 0.48489 0.04375 0.145604
MotorBike 0.645996 0.914062 0.708791 0.090625 0.258242
MotorBike 0.766602 0.50625 0.392857 0.03125 0.0934066
MotorBike 0.788086 0.407813 0.425824 0.025 0.126374
