MotorBike 0.153076 0.488281 0.383242 0.0265625 0.0906593
MotorBike 0.192627 0.559375 0.392857 0.025 0.0879121
MotorBike 0.309814 0.815625 0.59478 0.06875 0.178571
MotorBike 0.338379 0.607813 0.460165 0.034375 0.14011
MotorBike 0.371582 0.754687 0.850275 0.134375 0.293956
MotorBike 0.476318 0.725 0.508242 0.05625 0.120879
MotorBike 0.675781 0.957812 0.723901 0.084375 0.288462
MotorBike 0.677734 0.851562 0.625 0.078125 0.222527
MotorBike 0.697754 0.651563 0.483516 0.046875 0.142857
MotorBike 0.727051 0.505469 0.387363 0.0296875 0.0934066
