MotorBike 0.100037 0.671875 0.48489 0.05625 0.145604
MotorBike 0.219849 0.489062 0.381868 0.025 0.0934066
MotorBike 0.2854 0.560156 0.392857 0.0265625 0.0934066
MotorBike 0.367676 0.607031 0.457418 0.0328125 0.145604
MotorBike 0.447266 0.817187 0.592033 0.071875 0.195055
MotorBike 0.596191 0.851562 0.620879 0.078125 0.230769
MotorBike 0.603027 0.720312 0.509615 0.05625 0.123626
MotorBike 0.700684 0.960938 0.743132 0.078125 0.315934
MotorBike 0.732422 0.50625 0.387363 0.03125 0.0934066
MotorBike 0.746094 0.651563 0.483516 0.046875 0.142857
