MotorBike 0.118469 0.8125 0.597527 0.065625 0.195055
MotorBike 0.136841 0.675 0.494505 0.05 0.120879
MotorBike 0.162354 0.488281 0.383242 0.0265625 0.0906593
MotorBike 0.220947 0.607813 0.465659 0.03125 0.134615
MotorBike 0.384766 0.65 0.493132 0.04375 0.129121
MotorBike 0.447754 0.700781 0.508242 0.0421875 0.115385
MotorBike 0.501953 0.94375 0.717033 0.096875 0.28022
MotorBike 0.635742 0.503125 0.387363 0.03125 0.0934066
MotorBike 0.724121 0.838281 0.614011 0.0796875 0.217033
MotorBike 0.743164 0.6375 0.712912 0.0875 0.266484
