MotorBike 0.16394 0.489062 0.381868 0.025 0.0934066
MotorBike 0.247803 0.560938 0.396978 0.028125 0.0961538
MotorBike 0.294189 0.795313 0.89011 0.121875 0.208791
MotorBike 0.363281 0.60625 0.45467 0.03125 0.14011
MotorBike 0.364746 0.81875 0.592033 0.0625 0.18956
MotorBike 0.485107 0.725781 0.506868 0.0515625 0.123626
MotorBike 0.61377 0.857813 0.626374 0.078125 0.21978
MotorBike 0.714844 0.504687 0.387363 0.03125 0.0934066
MotorBike 0.729492 0.960938 0.744505 0.078125 0.313187
MotorBike 0.741211 0.651563 0.483516 0.046875 0.142857
