MotorBike 0.124878 0.720312 0.51511 0.046875 0.123626
MotorBike 0.13855 0.914062 0.707418 0.078125 0.25
MotorBike 0.208984 0.496094 0.388736 0.0265625 0.0961538
MotorBike 0.405029 0.604688 0.467033 0.034375 0.142857
MotorBike 0.575684 0.704687 0.506868 0.046875 0.129121
MotorBike 0.592773 0.944531 0.728022 0.104687 0.285714
MotorBike 0.651367 0.647656 0.48489 0.0421875 0.145604
MotorBike 0.652344 0.826563 0.611264 0.071875 0.217033
MotorBike 0.657715 0.508594 0.392857 0.0296875 0.0934066
MotorBike 0.706055 0.484375 0.527473 0.04375 0.175824
