MotorBike 0.112854 0.482812 0.380495 0.021875 0.0851648
MotorBike 0.264404 0.492188 0.384615 0.028125 0.0879121
MotorBike 0.268066 0.698438 0.513736 0.046875 0.126374
MotorBike 0.327881 0.604688 0.467033 0.034375 0.142857
MotorBike 0.33374 0.938281 0.729396 0.101562 0.277473
MotorBike 0.446777 0.716406 0.508242 0.0484375 0.120879
MotorBike 0.68457 0.809375 0.615385 0.0875 0.21978
MotorBike 0.743652 0.507031 0.391484 0.0296875 0.0961538
MotorBike 0.745605 0.646875 0.487637 0.04375 0.145604
MotorBike 0.861328 0.432813 0.457418 0.028125 0.134615
